<?xml version='1.0' encoding='UTF-8' ?>
<svg xmlns='http://www.w3.org/2000/svg' xmlns:xlink='http://www.w3.org/1999/xlink' class='svglite' width='504.00pt' height='504.00pt' viewBox='0 0 504.00 504.00'>
<defs>
  <style type='text/css'><![CDATA[
    .svglite line, .svglite polyline, .svglite polygon, .svglite path, .svglite rect, .svglite circle {
      fill: none;
      stroke: #000000;
      stroke-linecap: round;
      stroke-linejoin: round;
      stroke-miterlimit: 10.00;
    }
    .svglite text {
      white-space: pre;
    }
  ]]></style>
</defs>
<rect width='100%' height='100%' style='stroke: none; fill: none;'/>
<defs>
  <clipPath id='cpMC4wMHw1MDQuMDB8MC4wMHw1MDQuMDA='>
    <rect x='0.00' y='0.00' width='504.00' height='504.00' />
  </clipPath>
</defs>
<g clip-path='url(#cpMC4wMHw1MDQuMDB8MC4wMHw1MDQuMDA=)'>
</g>
<defs>
  <clipPath id='cpMzUuNTl8NDk4LjUyfDc4LjA1fDQ3Mi41MA=='>
    <rect x='35.59' y='78.05' width='462.93' height='394.45' />
  </clipPath>
</defs>
<g clip-path='url(#cpMzUuNTl8NDk4LjUyfDc4LjA1fDQ3Mi41MA==)'>
<polyline points='35.59,462.25 498.52,462.25 ' style='stroke-width: 1.07; stroke: #EBEBEB; stroke-linecap: butt;' />
<polyline points='35.59,387.53 498.52,387.53 ' style='stroke-width: 1.07; stroke: #EBEBEB; stroke-linecap: butt;' />
<polyline points='35.59,312.82 498.52,312.82 ' style='stroke-width: 1.07; stroke: #EBEBEB; stroke-linecap: butt;' />
<polyline points='35.59,238.11 498.52,238.11 ' style='stroke-width: 1.07; stroke: #EBEBEB; stroke-linecap: butt;' />
<polyline points='35.59,163.40 498.52,163.40 ' style='stroke-width: 1.07; stroke: #EBEBEB; stroke-linecap: butt;' />
<polyline points='35.59,88.68 498.52,88.68 ' style='stroke-width: 1.07; stroke: #EBEBEB; stroke-linecap: butt;' />
<polyline points='56.63,472.50 56.63,78.05 ' style='stroke-width: 1.07; stroke: #EBEBEB; stroke-linecap: butt;' />
<polyline points='161.84,472.50 161.84,78.05 ' style='stroke-width: 1.07; stroke: #EBEBEB; stroke-linecap: butt;' />
<polyline points='267.05,472.50 267.05,78.05 ' style='stroke-width: 1.07; stroke: #EBEBEB; stroke-linecap: butt;' />
<polyline points='372.27,472.50 372.27,78.05 ' style='stroke-width: 1.07; stroke: #EBEBEB; stroke-linecap: butt;' />
<polyline points='477.48,472.50 477.48,78.05 ' style='stroke-width: 1.07; stroke: #EBEBEB; stroke-linecap: butt;' />
<polyline points='56.63,305.20 57.45,307.80 58.27,310.26 59.09,312.58 59.92,314.76 60.74,316.82 61.56,318.76 62.38,320.59 63.20,322.32 64.03,323.94 64.85,325.48 65.67,326.93 66.49,328.31 67.31,329.62 68.14,330.88 68.96,332.07 69.78,333.23 70.60,334.34 71.42,335.42 72.25,336.47 73.07,337.50 73.89,338.51 74.71,339.51 75.53,340.50 76.36,341.49 77.18,342.47 78.00,343.46 78.82,344.45 79.64,345.45 80.47,346.46 81.29,347.48 82.11,348.51 82.93,349.55 83.75,350.60 84.58,351.67 85.40,352.75 86.22,353.84 87.04,354.95 87.86,356.07 88.69,357.20 89.51,358.34 90.33,359.49 91.15,360.65 91.97,361.82 92.80,363.00 93.62,364.18 94.44,365.38 95.26,366.58 96.08,367.78 96.91,368.99 97.73,370.20 98.55,371.42 99.37,372.64 100.19,373.87 101.01,375.10 101.84,376.33 102.66,377.56 103.48,378.80 104.30,380.04 105.12,381.28 105.95,382.53 106.77,383.78 107.59,385.03 108.41,386.28 109.23,387.53 110.06,388.78 110.88,390.04 111.70,391.29 112.52,392.55 113.34,393.80 114.17,395.05 114.99,396.29 115.81,397.53 116.63,398.77 117.45,400.00 118.28,401.22 119.10,402.43 119.92,403.63 120.74,404.81 121.56,405.99 122.39,407.14 123.21,408.28 124.03,409.40 124.85,410.49 125.67,411.57 126.50,412.62 127.32,413.65 128.14,414.65 128.96,415.62 129.78,416.56 130.61,417.48 131.43,418.37 132.25,419.23 133.07,420.05 133.89,420.85 134.72,421.62 135.54,422.36 136.36,423.07 137.18,423.76 138.00,424.41 138.83,425.05 139.65,425.65 140.47,426.24 141.29,426.80 142.11,427.35 142.94,427.88 143.76,428.39 144.58,428.89 145.40,429.37 146.22,429.85 147.05,430.32 147.87,430.78 148.69,431.24 149.51,431.70 150.33,432.16 151.16,432.62 151.98,433.08 152.80,433.55 153.62,434.02 154.44,434.50 155.27,434.99 156.09,435.49 156.91,435.99 157.73,436.51 158.55,437.03 159.37,437.57 160.20,438.11 161.02,438.67 161.84,439.23 162.66,439.81 163.48,440.39 164.31,440.98 165.13,441.57 165.95,442.17 166.77,442.77 167.59,443.37 168.42,443.97 169.24,444.57 170.06,445.17 170.88,445.77 171.70,446.36 172.53,446.94 173.35,447.51 174.17,448.07 174.99,448.62 175.81,449.15 176.64,449.67 177.46,450.17 178.28,450.65 179.10,451.11 179.92,451.54 180.75,451.96 181.57,452.34 182.39,452.71 183.21,453.04 184.03,453.34 184.86,453.62 185.68,453.86 186.50,454.07 187.32,454.24 188.14,454.38 188.97,454.48 189.79,454.55 190.61,454.57 191.43,454.56 192.25,454.51 193.08,454.41 193.90,454.28 194.72,454.10 195.54,453.88 196.36,453.61 197.19,453.29 198.01,452.93 198.83,452.52 199.65,452.07 200.47,451.56 201.30,451.01 202.12,450.40 202.94,449.75 203.76,449.04 204.58,448.29 205.41,447.48 206.23,446.62 207.05,445.72 207.87,444.76 208.69,443.75 209.52,442.70 210.34,441.59 211.16,440.44 211.98,439.24 212.80,438.00 213.63,436.71 214.45,435.39 215.27,434.02 216.09,432.62 216.91,431.19 217.73,429.72 218.56,428.23 219.38,426.71 220.20,425.17 221.02,423.61 221.84,422.04 222.67,420.46 223.49,418.87 224.31,417.28 225.13,415.69 225.95,414.10 226.78,412.53 227.60,410.97 228.42,409.44 229.24,407.92 230.06,406.43 230.89,404.98 231.71,403.56 232.53,402.18 233.35,400.84 234.17,399.54 235.00,398.30 235.82,397.10 236.64,395.96 237.46,394.88 238.28,393.85 239.11,392.87 239.93,391.96 240.75,391.10 241.57,390.31 242.39,389.57 243.22,388.89 244.04,388.26 244.86,387.69 245.68,387.18 246.50,386.71 247.33,386.29 248.15,385.92 248.97,385.58 249.79,385.29 250.61,385.03 251.44,384.81 252.26,384.61 253.08,384.43 253.90,384.28 254.72,384.14 255.55,384.02 256.37,383.90 257.19,383.79 258.01,383.69 258.83,383.59 259.66,383.49 260.48,383.38 261.30,383.27 262.12,383.15 262.94,383.03 263.77,382.89 264.59,382.75 265.41,382.60 266.23,382.45 267.05,382.29 267.88,382.12 268.70,381.95 269.52,381.78 270.34,381.60 271.16,381.44 271.99,381.27 272.81,381.12 273.63,380.98 274.45,380.85 275.27,380.74 276.09,380.65 276.92,380.59 277.74,380.55 278.56,380.54 279.38,380.56 280.20,380.61 281.03,380.70 281.85,380.82 282.67,380.98 283.49,381.18 284.31,381.42 285.14,381.69 285.96,382.00 286.78,382.34 287.60,382.72 288.42,383.13 289.25,383.57 290.07,384.04 290.89,384.53 291.71,385.03 292.53,385.56 293.36,386.09 294.18,386.64 295.00,387.18 295.82,387.72 296.64,388.26 297.47,388.78 298.29,389.29 299.11,389.77 299.93,390.23 300.75,390.66 301.58,391.05 302.40,391.40 303.22,391.72 304.04,391.98 304.86,392.20 305.69,392.36 306.51,392.48 307.33,392.53 308.15,392.53 308.97,392.48 309.80,392.36 310.62,392.19 311.44,391.96 312.26,391.68 313.08,391.34 313.91,390.95 314.73,390.51 315.55,390.03 316.37,389.50 317.19,388.93 318.02,388.32 318.84,387.68 319.66,387.01 320.48,386.31 321.30,385.59 322.13,384.85 322.95,384.09 323.77,383.33 324.59,382.55 325.41,381.78 326.24,381.00 327.06,380.22 327.88,379.44 328.70,378.67 329.52,377.91 330.35,377.16 331.17,376.42 331.99,375.69 332.81,374.97 333.63,374.26 334.45,373.55 335.28,372.86 336.10,372.17 336.92,371.49 337.74,370.81 338.56,370.13 339.39,369.45 340.21,368.76 341.03,368.06 341.85,367.35 342.67,366.62 343.50,365.88 344.32,365.10 345.14,364.30 345.96,363.47 346.78,362.59 347.61,361.68 348.43,360.73 349.25,359.72 350.07,358.67 350.89,357.56 351.72,356.39 352.54,355.17 353.36,353.88 354.18,352.53 355.00,351.12 355.83,349.64 356.65,348.09 357.47,346.47 358.29,344.79 359.11,343.04 359.94,341.22 360.76,339.33 361.58,337.39 362.40,335.37 363.22,333.30 364.05,331.17 364.87,328.98 365.69,326.74 366.51,324.45 367.33,322.11 368.16,319.72 368.98,317.29 369.80,314.82 370.62,312.32 371.44,309.78 372.27,307.21 373.09,304.62 373.91,302.00 374.73,299.36 375.55,296.70 376.38,294.03 377.20,291.34 378.02,288.64 378.84,285.93 379.66,283.21 380.49,280.48 381.31,277.74 382.13,275.00 382.95,272.25 383.77,269.49 384.60,266.73 385.42,263.95 386.24,261.17 387.06,258.38 387.88,255.58 388.71,252.76 389.53,249.93 390.35,247.08 391.17,244.22 391.99,241.33 392.81,238.42 393.64,235.49 394.46,232.53 395.28,229.54 396.10,226.51 396.92,223.46 397.75,220.36 398.57,217.23 399.39,214.07 400.21,210.86 401.03,207.61 401.86,204.32 402.68,200.99 403.50,197.62 404.32,194.21 405.14,190.76 405.97,187.28 406.79,183.76 407.61,180.21 408.43,176.64 409.25,173.04 410.08,169.42 410.90,165.79 411.72,162.15 412.54,158.52 413.36,154.88 414.19,151.27 415.01,147.67 415.83,144.11 416.65,140.59 417.47,137.12 418.30,133.71 419.12,130.38 419.94,127.12 420.76,123.97 421.58,120.92 422.41,117.99 423.23,115.19 424.05,112.53 424.87,110.03 425.69,107.70 426.52,105.54 427.34,103.58 428.16,101.82 428.98,100.27 429.80,98.94 430.63,97.85 431.45,97.00 432.27,96.40 433.09,96.06 433.91,95.98 434.74,96.17 435.56,96.64 436.38,97.38 437.20,98.40 438.02,99.71 438.85,101.30 439.67,103.17 440.49,105.31 441.31,107.73 442.13,110.42 442.96,113.38 443.78,116.59 444.60,120.05 445.42,123.75 446.24,127.68 447.07,131.82 447.89,136.17 448.71,140.70 449.53,145.42 450.35,150.30 451.17,155.32 452.00,160.47 452.82,165.74 453.64,171.11 454.46,176.55 455.28,182.06 456.11,187.62 456.93,193.20 457.75,198.80 458.57,204.40 459.39,209.97 460.22,215.52 461.04,221.01 461.86,226.43 462.68,231.78 463.50,237.05 464.33,242.20 465.15,247.25 465.97,252.18 466.79,256.97 467.61,261.62 468.44,266.13 469.26,270.49 470.08,274.69 470.90,278.73 471.72,282.61 472.55,286.32 473.37,289.87 474.19,293.26 475.01,296.48 475.83,299.54 476.66,302.45 477.48,305.20 ' style='stroke-width: 2.13; stroke: #9999CC; stroke-linecap: butt;' />
<polyline points='56.63,225.73 57.45,226.17 58.27,226.66 59.09,227.18 59.92,227.75 60.74,228.35 61.56,228.98 62.38,229.65 63.20,230.35 64.03,231.09 64.85,231.84 65.67,232.63 66.49,233.44 67.31,234.27 68.14,235.13 68.96,236.00 69.78,236.90 70.60,237.80 71.42,238.73 72.25,239.66 73.07,240.61 73.89,241.56 74.71,242.53 75.53,243.50 76.36,244.47 77.18,245.45 78.00,246.43 78.82,247.41 79.64,248.39 80.47,249.37 81.29,250.35 82.11,251.32 82.93,252.29 83.75,253.26 84.58,254.21 85.40,255.16 86.22,256.11 87.04,257.05 87.86,257.98 88.69,258.90 89.51,259.82 90.33,260.72 91.15,261.62 91.97,262.52 92.80,263.40 93.62,264.28 94.44,265.16 95.26,266.03 96.08,266.90 96.91,267.76 97.73,268.63 98.55,269.49 99.37,270.35 100.19,271.21 101.01,272.08 101.84,272.95 102.66,273.82 103.48,274.70 104.30,275.59 105.12,276.48 105.95,277.39 106.77,278.31 107.59,279.24 108.41,280.19 109.23,281.15 110.06,282.13 110.88,283.12 111.70,284.14 112.52,285.17 113.34,286.23 114.17,287.31 114.99,288.41 115.81,289.53 116.63,290.68 117.45,291.85 118.28,293.05 119.10,294.27 119.92,295.52 120.74,296.80 121.56,298.10 122.39,299.43 123.21,300.79 124.03,302.17 124.85,303.58 125.67,305.02 126.50,306.48 127.32,307.97 128.14,309.49 128.96,311.02 129.78,312.59 130.61,314.17 131.43,315.78 132.25,317.41 133.07,319.06 133.89,320.73 134.72,322.42 135.54,324.13 136.36,325.86 137.18,327.60 138.00,329.36 138.83,331.13 139.65,332.92 140.47,334.72 141.29,336.52 142.11,338.34 142.94,340.17 143.76,342.00 144.58,343.84 145.40,345.69 146.22,347.54 147.05,349.39 147.87,351.24 148.69,353.10 149.51,354.95 150.33,356.81 151.16,358.66 151.98,360.50 152.80,362.35 153.62,364.18 154.44,366.01 155.27,367.84 156.09,369.65 156.91,371.45 157.73,373.24 158.55,375.03 159.37,376.79 160.20,378.55 161.02,380.29 161.84,382.01 162.66,383.72 163.48,385.41 164.31,387.09 165.13,388.74 165.95,390.37 166.77,391.98 167.59,393.57 168.42,395.14 169.24,396.69 170.06,398.21 170.88,399.70 171.70,401.17 172.53,402.61 173.35,404.03 174.17,405.41 174.99,406.77 175.81,408.09 176.64,409.38 177.46,410.65 178.28,411.87 179.10,413.07 179.92,414.23 180.75,415.36 181.57,416.45 182.39,417.50 183.21,418.51 184.03,419.49 184.86,420.43 185.68,421.33 186.50,422.19 187.32,423.01 188.14,423.78 188.97,424.52 189.79,425.21 190.61,425.86 191.43,426.47 192.25,427.03 193.08,427.55 193.90,428.03 194.72,428.46 195.54,428.85 196.36,429.19 197.19,429.49 198.01,429.74 198.83,429.95 199.65,430.12 200.47,430.23 201.30,430.31 202.12,430.34 202.94,430.33 203.76,430.28 204.58,430.18 205.41,430.04 206.23,429.86 207.05,429.64 207.87,429.38 208.69,429.08 209.52,428.74 210.34,428.37 211.16,427.96 211.98,427.52 212.80,427.04 213.63,426.53 214.45,425.99 215.27,425.42 216.09,424.83 216.91,424.21 217.73,423.56 218.56,422.89 219.38,422.20 220.20,421.49 221.02,420.76 221.84,420.02 222.67,419.26 223.49,418.49 224.31,417.71 225.13,416.92 225.95,416.12 226.78,415.32 227.60,414.52 228.42,413.72 229.24,412.91 230.06,412.11 230.89,411.31 231.71,410.52 232.53,409.74 233.35,408.96 234.17,408.20 235.00,407.45 235.82,406.71 236.64,405.99 237.46,405.28 238.28,404.59 239.11,403.92 239.93,403.27 240.75,402.65 241.57,402.04 242.39,401.45 243.22,400.89 244.04,400.36 244.86,399.84 245.68,399.35 246.50,398.89 247.33,398.45 248.15,398.04 248.97,397.65 249.79,397.28 250.61,396.94 251.44,396.63 252.26,396.33 253.08,396.07 253.90,395.82 254.72,395.59 255.55,395.39 256.37,395.20 257.19,395.04 258.01,394.89 258.83,394.75 259.66,394.64 260.48,394.53 261.30,394.44 262.12,394.36 262.94,394.29 263.77,394.23 264.59,394.18 265.41,394.13 266.23,394.08 267.05,394.04 267.88,394.00 268.70,393.95 269.52,393.90 270.34,393.85 271.16,393.80 271.99,393.73 272.81,393.66 273.63,393.57 274.45,393.48 275.27,393.37 276.09,393.24 276.92,393.10 277.74,392.94 278.56,392.77 279.38,392.57 280.20,392.35 281.03,392.11 281.85,391.85 282.67,391.56 283.49,391.25 284.31,390.92 285.14,390.55 285.96,390.17 286.78,389.75 287.60,389.31 288.42,388.84 289.25,388.34 290.07,387.81 290.89,387.26 291.71,386.68 292.53,386.07 293.36,385.44 294.18,384.77 295.00,384.09 295.82,383.37 296.64,382.63 297.47,381.87 298.29,381.08 299.11,380.28 299.93,379.45 300.75,378.60 301.58,377.73 302.40,376.85 303.22,375.94 304.04,375.03 304.86,374.10 305.69,373.16 306.51,372.22 307.33,371.26 308.15,370.30 308.97,369.34 309.80,368.37 310.62,367.40 311.44,366.44 312.26,365.48 313.08,364.53 313.91,363.58 314.73,362.65 315.55,361.73 316.37,360.82 317.19,359.93 318.02,359.05 318.84,358.20 319.66,357.37 320.48,356.57 321.30,355.79 322.13,355.04 322.95,354.32 323.77,353.64 324.59,352.98 325.41,352.37 326.24,351.78 327.06,351.24 327.88,350.74 328.70,350.27 329.52,349.85 330.35,349.47 331.17,349.14 331.99,348.84 332.81,348.60 333.63,348.40 334.45,348.24 335.28,348.13 336.10,348.06 336.92,348.05 337.74,348.07 338.56,348.15 339.39,348.27 340.21,348.43 341.03,348.63 341.85,348.88 342.67,349.18 343.50,349.51 344.32,349.88 345.14,350.29 345.96,350.74 346.78,351.23 347.61,351.75 348.43,352.30 349.25,352.88 350.07,353.50 350.89,354.13 351.72,354.80 352.54,355.49 353.36,356.20 354.18,356.92 355.00,357.67 355.83,358.43 356.65,359.20 357.47,359.98 358.29,360.77 359.11,361.56 359.94,362.36 360.76,363.15 361.58,363.95 362.40,364.74 363.22,365.53 364.05,366.30 364.87,367.07 365.69,367.82 366.51,368.56 367.33,369.28 368.16,369.97 368.98,370.65 369.80,371.30 370.62,371.93 371.44,372.53 372.27,373.10 373.09,373.63 373.91,374.13 374.73,374.60 375.55,375.03 376.38,375.42 377.20,375.77 378.02,376.07 378.84,376.34 379.66,376.56 380.49,376.73 381.31,376.85 382.13,376.92 382.95,376.95 383.77,376.92 384.60,376.84 385.42,376.71 386.24,376.53 387.06,376.28 387.88,375.99 388.71,375.63 389.53,375.22 390.35,374.76 391.17,374.23 391.99,373.65 392.81,373.01 393.64,372.31 394.46,371.55 395.28,370.73 396.10,369.85 396.92,368.92 397.75,367.93 398.57,366.87 399.39,365.76 400.21,364.59 401.03,363.37 401.86,362.09 402.68,360.75 403.50,359.35 404.32,357.91 405.14,356.40 405.97,354.85 406.79,353.24 407.61,351.58 408.43,349.87 409.25,348.12 410.08,346.31 410.90,344.46 411.72,342.57 412.54,340.63 413.36,338.65 414.19,336.63 415.01,334.57 415.83,332.48 416.65,330.35 417.47,328.19 418.30,326.00 419.12,323.78 419.94,321.53 420.76,319.26 421.58,316.97 422.41,314.65 423.23,312.32 424.05,309.97 424.87,307.62 425.69,305.25 426.52,302.87 427.34,300.49 428.16,298.10 428.98,295.72 429.80,293.33 430.63,290.96 431.45,288.59 432.27,286.23 433.09,283.88 433.91,281.55 434.74,279.24 435.56,276.94 436.38,274.68 437.20,272.43 438.02,270.22 438.85,268.04 439.67,265.89 440.49,263.77 441.31,261.70 442.13,259.66 442.96,257.67 443.78,255.72 444.60,253.81 445.42,251.96 446.24,250.16 447.07,248.40 447.89,246.70 448.71,245.06 449.53,243.47 450.35,241.94 451.17,240.47 452.00,239.06 452.82,237.71 453.64,236.42 454.46,235.19 455.28,234.02 456.11,232.92 456.93,231.89 457.75,230.91 458.57,230.00 459.39,229.16 460.22,228.37 461.04,227.66 461.86,227.00 462.68,226.41 463.50,225.88 464.33,225.42 465.15,225.01 465.97,224.67 466.79,224.39 467.61,224.17 468.44,224.00 469.26,223.89 470.08,223.84 470.90,223.85 471.72,223.91 472.55,224.02 473.37,224.18 474.19,224.40 475.01,224.66 475.83,224.97 476.66,225.32 477.48,225.73 ' style='stroke-width: 2.13; stroke: #CC6666; stroke-linecap: butt;' />
</g>
<g clip-path='url(#cpMC4wMHw1MDQuMDB8MC4wMHw1MDQuMDA=)'>
<text x='30.65' y='465.40' text-anchor='end' style='font-size: 8.80px;fill: #4D4D4D; font-family: "Arial";' textLength='12.24px' lengthAdjust='spacingAndGlyphs'>0.0</text>
<text x='30.65' y='390.68' text-anchor='end' style='font-size: 8.80px;fill: #4D4D4D; font-family: "Arial";' textLength='12.24px' lengthAdjust='spacingAndGlyphs'>0.1</text>
<text x='30.65' y='315.97' text-anchor='end' style='font-size: 8.80px;fill: #4D4D4D; font-family: "Arial";' textLength='12.24px' lengthAdjust='spacingAndGlyphs'>0.2</text>
<text x='30.65' y='241.26' text-anchor='end' style='font-size: 8.80px;fill: #4D4D4D; font-family: "Arial";' textLength='12.24px' lengthAdjust='spacingAndGlyphs'>0.3</text>
<text x='30.65' y='166.55' text-anchor='end' style='font-size: 8.80px;fill: #4D4D4D; font-family: "Arial";' textLength='12.24px' lengthAdjust='spacingAndGlyphs'>0.4</text>
<text x='30.65' y='91.83' text-anchor='end' style='font-size: 8.80px;fill: #4D4D4D; font-family: "Arial";' textLength='12.24px' lengthAdjust='spacingAndGlyphs'>0.5</text>
<text x='56.63' y='483.74' text-anchor='middle' style='font-size: 8.80px;fill: #4D4D4D; font-family: "Arial";' textLength='9.79px' lengthAdjust='spacingAndGlyphs'>00</text>
<text x='161.84' y='483.74' text-anchor='middle' style='font-size: 8.80px;fill: #4D4D4D; font-family: "Arial";' textLength='9.79px' lengthAdjust='spacingAndGlyphs'>06</text>
<text x='267.05' y='483.74' text-anchor='middle' style='font-size: 8.80px;fill: #4D4D4D; font-family: "Arial";' textLength='9.79px' lengthAdjust='spacingAndGlyphs'>12</text>
<text x='372.27' y='483.74' text-anchor='middle' style='font-size: 8.80px;fill: #4D4D4D; font-family: "Arial";' textLength='9.79px' lengthAdjust='spacingAndGlyphs'>18</text>
<text x='477.48' y='483.74' text-anchor='middle' style='font-size: 8.80px;fill: #4D4D4D; font-family: "Arial";' textLength='9.79px' lengthAdjust='spacingAndGlyphs'>24</text>
<text x='267.05' y='496.20' text-anchor='middle' style='font-size: 11.00px; font-family: "Arial";' textLength='50.75px' lengthAdjust='spacingAndGlyphs'>Hora solar</text>
<text transform='translate(13.36,275.28) rotate(-90)' text-anchor='middle' style='font-size: 11.00px; font-family: "Arial";' textLength='46.48px' lengthAdjust='spacingAndGlyphs'>Densidad</text>
<line x1='238.39' y1='52.97' x2='252.21' y2='52.97' style='stroke-width: 2.13; stroke: #9999CC; stroke-linecap: butt;' />
<line x1='271.52' y1='52.97' x2='285.34' y2='52.97' style='stroke-width: 2.13; stroke: #CC6666; stroke-linecap: butt;' />
<text x='259.42' y='56.12' style='font-size: 8.80px; font-family: "Arial";' textLength='4.90px' lengthAdjust='spacingAndGlyphs'>0</text>
<text x='292.55' y='56.12' style='font-size: 8.80px; font-family: "Arial";' textLength='4.90px' lengthAdjust='spacingAndGlyphs'>1</text>
<text x='35.59' y='31.05' style='font-size: 11.00px; font-family: "Arial";' textLength='70.98px' lengthAdjust='spacingAndGlyphs'>n:  0=44, 1=47</text>
<text x='35.59' y='14.93' style='font-size: 13.20px; font-family: "Arial";' textLength='165.67px' lengthAdjust='spacingAndGlyphs'>Estresor: Perros domésticos</text>
</g>
</svg>
